3.167,30,95,65
B0,mixamorig_Hips,-1,0.9942486882209778,0.038981810212135315,-0.09974129498004913,0,-0.0327620692551136,0.9974480867385864,0.06328505277633667,0,0.10195103287696838,-0.0596533827483654,0.992989718914032,0,-8.956233024597168,69.31875610351562,7.402656555175781,1
B1,mixamorig_Spine,0,0.9999769926071167,-0.006500651128590107,-0.0016361306188628078,0,0.0063766310922801495,0.9977587461471558,-0.06660425662994385,0,0.0020659801084548235,0.06659182906150818,0.997778058052063,0,0,3.962399959564209,-0.2743000090122223,1
B2,mixamorig_Spine1,1,0.999876856803894,-0.015178079716861248,-0.003758947132155299,0,0.014967125840485096,0.9986089468002319,-0.050549328327178955,0,0.004521110560745001,0.050486546009778976,0.9987138509750366,0,0,14.123299598693848,0.26440000534057617,1
B3,mixamorig_Spine2,2,0.999876856803894,-0.015178079716861248,-0.003758947132155299,0,0.014967125840485096,0.9986089468002319,-0.050549328327178955,0,0.004521110560745001,0.050486546009778976,0.9987138509750366,0,0,11.404500007629395,0.10610000044107437,1
B4,mixamorig_Neck,3,0.9976065158843994,-0.056158676743507385,-0.04012220352888107,0,0.06342976540327072,0.9751548171043396,0.21219654381275177,0,0.027219044044613838,-0.21423600614070892,0.9764000773429871,0,0,9.946700096130371,0,1
B5,mixamorig_Head,4,0.975612223148346,0.13297726213932037,0.17457859218120575,0,-0.08772767335176468,0.9654940962791443,-0.24516859650611877,0,-0.20115779340267181,0.2238706350326538,0.9536319375038147,0,0,8.579099655151367,0.11420000344514847,1
B6,mixamorig_HeadTop_End,5,1,0,0,0,0,1,0,0,0,0,1,0,0,25.089099884033203,0.33390000462532043,1
B7,mixamorig_LeftShoulder,3,0.019456731155514717,0.10191423445940018,-0.9946020841598511,0,0.9528374075889587,0.29935136437416077,0.0493168979883194,0,0.3027617931365967,-0.9486538767814636,-0.09129080176353455,0,4.224100112915039,8.89840030670166,-0.05660000070929527,1
B8,mixamorig_LeftArm,7,0.6589415669441223,0.6454727053642273,0.3846985697746277,0,-0.300768107175827,0.6952850818634033,-0.6522919535636902,0,-0.6891900897026062,0.3144848942756653,0.6521167159080505,0,0,8.861000061035156,0,1
B9,mixamorig_LeftForeArm,8,0.9014602303504944,0.36446380615234375,0.18526196479797363,0,-0.36215347051620483,0.9199338555335999,-0.047572534531354904,0,-0.19041867554187775,-0.024184025824069977,0.9813596606254578,0,0,18.975200653076172,0,1
B10,mixamorig_LeftHand,9,0.8424437642097473,-0.12451539188623428,0.506589412689209,0,0.37220853567123413,0.8093239068984985,-0.4357178807258606,0,-0.3627089858055115,0.5693432688713074,0.7268688678741455,0,0,19.895999908447266,0,1
B11,mixamorig_LeftHandThumb1,10,0.8900730609893799,0.4136037826538086,-0.19030730426311493,0,-0.3728639781475067,0.901955783367157,0.21646323800086975,0,0.2610843777656555,-0.1218290701508522,0.9575376510620117,0,-2.088900089263916,2.1412999629974365,1.2094000577926636,1
B12,mixamorig_LeftHandThumb2,11,0.9835329055786133,-0.08945678174495697,0.1538848876953125,0,0.07418815791606903,0.9915661215782166,0.10175897181034088,0,-0.1620328724384308,-0.08842979371547699,0.982734203338623,0,-0.329800009727478,2.5601000785827637,0,1
B13,mixamorig_LeftHandThumb3,12,0.9964269995689392,0.08425600081682205,-0.005763653665781021,0,-0.08425365388393402,0.9964439868927002,0.0006510000093840063,0,0.005797999911010265,-0.00016399999731220305,0.999983012676239,0,0.07689999788999557,2.7272000312805176,0,1
B14,mixamorig_LeftHandThumb4,13,1,0,0,0,0,1,0,0,0,0,1,0,0.25290000438690186,2.237600088119507,0,1
B15,mixamorig_LeftHandIndex1,10,0.9886098504066467,-0.1210566833615303,0.08908134698867798,0,0.06652967631816864,0.8834565877914429,0.46288055181503296,0,-0.13494613766670227,-0.4516957104206085,0.8814707398414612,0,-2.5859999656677246,6.942299842834473,0.02969999983906746,1
B16,mixamorig_LeftHandIndex2,15,0.9999939799308777,-0.0033752156887203455,-0.00119029451161623,0,0.0035567518789321184,0.8999401926994324,0.43589478731155396,0,-0.0004003723443020135,-0.4358964264392853,0.8999462127685547,0,0.0010000000474974513,2.844899892807007,0,1
B17,mixamorig_LeftHandIndex3,16,1,0.0006179999909363687,0.000002653582669154275,0,-0.0006179999909363687,1,0,0,-0.000002653582669154275,0,1,0,-0.0013000000035390258,2.6654999256134033,0,1
B18,mixamorig_LeftHandIndex4,17,1,0,0,0,0,1,0,0,0,0,1,0,0.0003000000142492354,2.2973999977111816,0,1
B19,mixamorig_LeftHandMiddle1,10,0.9953426122665405,0.0022531216964125633,0.09582897275686264,0,-0.04697498306632042,0.8830179572105408,0.4668242037296295,0,-0.08364789932966232,-0.4691596031188965,0.8790996670722961,0,-0.8149999976158142,6.827199935913086,-0.11010000109672546,1
B20,mixamorig_LeftHandMiddle2,19,0.9994990825653076,0.03133643791079521,0.004422732163220644,0,-0.03127755597233772,0.9568686485290527,0.28878605365753174,0,0.0048198760487139225,-0.28877973556518555,0.9573695659637451,0,-0.011699999682605267,3.2567999362945557,0,1
B21,mixamorig_LeftHandMiddle3,20,0.9999880194664001,0.004821000155061483,-0.00025499999173916876,0,-0.004821000155061483,0.9999880194664001,9.999999974752427e-7,0,0.00025499999173916876,0,1,0,-0.000699999975040555,3.1779000759124756,0,1
B22,mixamorig_LeftHandMiddle4,21,1,0,0,0,0,1,0,0,0,0,1,0,0.012400000356137753,2.6951000690460205,0,1
B23,mixamorig_LeftHandRing1,10,0.9879884719848633,0.07440564036369324,0.13542859256267548,0,-0.1199161559343338,0.9213598370552063,0.36832675337791443,0,-0.09739544987678528,-0.3801434338092804,0.919213056564331,0,0.8988000154495239,6.77869987487793,-0.023000000044703484,1
B24,mixamorig_LeftHandRing2,23,0.9987196326255798,0.04928281158208847,0.01138161402195692,0,-0.04916127398610115,0.8929422497749329,0.4473818242549896,0,0.011893765069544315,-0.44736817479133606,0.894222617149353,0,-0.004000000189989805,2.9579999446868896,0,1
B25,mixamorig_LeftHandRing3,24,1,-0.0002640000020619482,0.000004999999873689376,0,0.0002640000020619482,1,0,0,-0.000004999999873689376,0,1,0,0.0024999999441206455,2.7569000720977783,0,1
B26,mixamorig_LeftHandRing4,25,1,0,0,0,0,1,0,0,0,0,1,0,0.001500000013038516,2.3345999717712402,0,1
B27,mixamorig_LeftHandPinky1,10,0.991786539554596,0.1263408064842224,0.01924249716103077,0,-0.12781591713428497,0.9761360883712769,0.16224345564842224,0,0.0015641663921996951,-0.1633797287940979,0.9842703938484192,0,2.50219988822937,6.3907999992370605,0.08749999850988388,1
B28,mixamorig_LeftHandPinky2,27,0.9942690134048462,0.0972711443901062,0.04435509070754051,0,-0.09817633032798767,0.6665734648704529,0.738943338394165,0,0.04231228679418564,-0.7390633225440979,0.6723034381866455,0,0.0031999999191612005,2.623699903488159,0,1
B29,mixamorig_LeftHandPinky3,28,0.999983012676239,-0.005787999834865332,-0.00014800000644754618,0,0.005787999834865332,0.999983012676239,-9.999999974752427e-7,0,0.00014800000644754618,0,1,0,0.0038999998942017555,2.1321001052856445,0,1
B30,mixamorig_LeftHandPinky4,29,1,0,0,0,0,1,0,0,0,0,1,0,-0.0071000000461936,1.7932000160217285,0,1
B31,mixamorig_RightShoulder,3,0.07173949480056763,-0.1511947214603424,0.9858961701393127,0,-0.9299508929252625,0.347098171710968,0.12090963125228882,0,-0.3604831099510193,-0.925508975982666,-0.11571092158555984,0,-4.224100112915039,8.897299766540527,-0.03020000085234642,1
B32,mixamorig_RightArm,31,0.698086678981781,-0.6382613182067871,-0.3241923451423645,0,0.23734694719314575,0.6335347890853882,-0.7361319065093994,0,0.675225555896759,0.43716686964035034,0.5939179062843323,0,0,8.861000061035156,0,1
B33,mixamorig_RightForeArm,32,0.952167272567749,-0.13727405667304993,-0.2663348615169525,0,0.13347774744033813,0.9887017011642456,-0.032402195036411285,0,0.26862505078315735,-0.004691166337579489,0.96323162317276,0,0,18.973600387573242,0,1
B34,mixamorig_RightHand,33,0.6464188694953918,-0.10255970805883408,-0.7406471371650696,0,-0.4073033630847931,0.7792308926582336,-0.45562952756881714,0,0.6237123012542725,0.6148552894592285,0.46994128823280334,0,0,19.898300170898438,0,1
B35,mixamorig_RightHandThumb1,34,0.8765600323677063,-0.47558286786079407,-0.07333128154277802,0,0.4710560739040375,0.8791853189468384,-0.07111359387636185,0,0.09829716384410858,0.027774933725595474,0.9947671890258789,0,2.062000036239624,2.147700071334839,1.2410000562667847,1
B36,mixamorig_RightHandThumb2,35,0.9993864893913269,0.018909992650151253,-0.02943069487810135,0,-0.017509957775473595,0.9987381100654602,0.04702134430408478,0,0.030282441526651382,-0.04647710546851158,0.9984573721885681,0,0.274399995803833,2.5659000873565674,0,1
B37,mixamorig_RightHandThumb3,36,0.9982050061225891,-0.059741999953985214,0.004313999786973,0,0.059741001576185226,0.9982140064239502,0.0003800000122282654,0,-0.004329000134021044,-0.00012134642020100728,0.9999909996986389,0,-0.07670000195503235,2.7302000522613525,0,1
B38,mixamorig_RightHandThumb4,37,1,0,0,0,0,1,0,0,0,0,1,0,-0.19769999384880066,2.24429988861084,0,1
B39,mixamorig_RightHandIndex1,34,0.9762935638427734,-0.08901222795248032,-0.19729383289813995,0,0.14500457048416138,0.945002019405365,0.2911433279514313,0,0.1604805737733841,-0.31284669041633606,0.9355178475379944,0,2.5699000358581543,7.053800106048584,0.05090000107884407,1
B40,mixamorig_RightHandIndex2,39,0.9999520182609558,0.009691988117992878,0.0014552031643688679,0,-0.009734949097037315,0.9651148915290833,0.2615763545036316,0,0.0011319349287077785,-0.26157838106155396,0.9651628136634827,0,-0.001500000013038516,2.8162999153137207,0,1
B41,mixamorig_RightHandIndex3,40,1,-0.0003209999995306134,-0.0000013464174344335333,0,0.0003209999995306134,1,0,0,0.0000013464174344335333,0,1,0,0.0012000000569969416,2.6396000385284424,0,1
B42,mixamorig_RightHandIndex4,41,1,0,0,0,0,1,0,0,0,0,1,0,0.0003000000142492354,2.241499900817871,0,1
B43,mixamorig_RightHandMiddle1,34,0.9861530065536499,-0.14828188717365265,-0.07371436804533005,0,0.15766674280166626,0.9763227701187134,0.1448458433151245,0,0.05023397132754326,-0.15444602072238922,0.9862791895866394,0,0.765500009059906,7.018199920654297,-0.09040000289678574,1
B44,mixamorig_RightHandMiddle2,43,0.9993329048156738,-0.03557834401726723,-0.008203284814953804,0,0.035702574998140335,0.9051712155342102,0.42346715927124023,0,-0.007645748555660248,-0.4234771728515625,0.9058379530906677,0,0.008500000461935997,3.3401999473571777,0,1
B45,mixamorig_RightHandMiddle3,44,0.9999970197677612,0.002357000019401312,-0.00007699999696342275,0,-0.002357000019401312,0.9999970197677612,0,0,0.00007699999696342275,0,1,0,-0.007899999618530273,3.0566999912261963,0,1
B46,mixamorig_RightHandMiddle4,45,1,0,0,0,0,1,0,0,0,0,1,0,-0.0006000000284984708,2.6394999027252197,0,1
B47,mixamorig_RightHandRing1,34,0.9649999141693115,-0.09180013090372086,-0.2455998659133911,0,0.13452273607254028,0.9770265817642212,0.1633632779121399,0,0.22484011948108673,-0.19067780673503876,0.9552392959594727,0,-0.892300009727478,6.911099910736084,-0.12160000205039978,1
B48,mixamorig_RightHandRing2,47,0.9974335432052612,-0.06726784259080887,-0.0245197806507349,0,0.06872230023145676,0.803424060344696,0.5914141535758972,0,-0.020084930583834648,-0.5915814638137817,0.8059855103492737,0,-0.003000000026077032,2.9238998889923096,0,1
B49,mixamorig_RightHandRing3,48,1,-0.000830999983008951,-0.000009999999747378752,0,0.000830999983008951,1,0,0,0.000009999999747378752,0,1,0,0.0026000000070780516,2.7179999351501465,0,1
B50,mixamorig_RightHandRing4,49,1,0,0,0,0,1,0,0,0,0,1,0,0.0003000000142492354,2.3796000480651855,0,1
B51,mixamorig_RightHandPinky1,34,0.9912717938423157,-0.13147449493408203,0.007713912520557642,0,0.12995696067810059,0.9857025146484375,0.10499611496925354,0,-0.021289102733135223,-0.10308563709259033,0.9942188858985901,0,-2.4430999755859375,6.45359992980957,0.12549999356269836,1
B52,mixamorig_RightHandPinky2,51,0.9938212037086487,-0.10570383816957474,-0.03384183347225189,0,0.10587230324745178,0.8113659024238586,0.5748456120491028,0,-0.03331056237220764,-0.5748763084411621,0.81754469871521,0,-0.0026000000070780516,2.6278998851776123,0,1
B53,mixamorig_RightHandPinky3,52,0.9999939799308777,0.003406000090762973,0.00005900000178371556,0,-0.003406000090762973,0.9999939799308777,0,0,-0.00005900000178371556,0,1,0,-0.0019000000320374966,2.122499942779541,0,1
B54,mixamorig_RightHandPinky4,53,1,0,0,0,0,1,0,0,0,0,1,0,0.0044999998062849045,1.7920000553131104,0,1
B55,mixamorig_LeftUpLeg,0,-0.9899823665618896,-0.11767393350601196,-0.07781138271093369,0,0.12041264027357101,-0.992216944694519,-0.030973127111792564,0,-0.07356782257556915,-0.040028367191553116,0.9964472055435181,0,7.557000160217285,-4.826300144195557,0.3005000054836273,1
B56,mixamorig_LeftLeg,55,0.9993668794631958,-0.020204229280352592,-0.029267864301800728,0,0.0201957318931818,0.9997850060462952,-0.0004521651135291904,0,0.029271800071001053,-0.0001401157642249018,0.9995600581169128,0,-0.12460000067949295,24.065799713134766,0.1046999990940094,1
B57,mixamorig_LeftFoot,56,0.9739155769348145,-0.2012840211391449,0.1046583279967308,0,0.0071836719289422035,0.48845183849334717,0.8725495338439941,0,-0.22674892842769623,-0.8490572571754456,0.4771621823310852,0,-0.006000000052154064,33.0630989074707,0.0038999998942017555,1
B58,mixamorig_LeftToeBase,57,0.9905194640159607,0.0948810875415802,-0.0992882251739502,0,-0.014335688203573227,0.7905046343803406,0.6122768521308899,0,0.13658204674720764,-0.6050485372543335,0.7843706011772156,0,-0.0052999998442828655,12.89330005645752,-0.515500009059906,1
B59,mixamorig_LeftToe_End,58,1,0,0,0,0,1,0,0,0,0,1,0,0.0142000000923872,6.42080020904541,0.007899999618530273,1
B60,mixamorig_RightUpLeg,0,-0.9357389211654663,0.044055309146642685,-0.3499176800251007,0,-0.10248547047376633,-0.9833179712295532,0.15026719868183136,0,-0.3374600112438202,0.17646896839141846,0.9246459603309631,0,-7.557000160217285,-4.826300144195557,0.3005000054836273,1
B61,mixamorig_RightLeg,60,0.9997542500495911,0.01568835973739624,-0.01562406588345766,0,-0.01977464184165001,0.9503327012062073,-0.31051120162010193,0,0.009976993314921856,0.31074342131614685,0.9504095315933228,0,0.12479999661445618,24.070100784301758,-0.14489999413490295,1
B62,mixamorig_RightFoot,61,0.9995954036712646,0.02539783902466297,-0.012105156667530537,0,0.0018259611679241061,0.3707889914512634,0.9287003874778748,0,0.02806231938302517,-0.9283630847930908,0.37059903144836426,0,0.006000000052154064,33.0630989074707,0.0044999998062849045,1
B63,mixamorig_RightToeBase,62,0.999697744846344,-0.023316578939557076,0.0051705664955079556,0,0.016559217125177383,0.8330170512199402,0.552995502948761,0,-0.01720357872545719,-0.5527370572090149,0.833156943321228,0,0.005400000140070915,12.718299865722656,-0.5224000215530396,1
B64,mixamorig_RightToe_End,63,1,0,0,0,0,1,0,0,0,0,1,0,-0.0142000000923872,6.412099838256836,0.007899999618530273,1
@52,0,1,2,3,4,5,7,8,9,10,11,12,13,15,16,17,19,20,21,23,24,25,27,28,29,31,32,33,34,35,36,37,39,40,41,43,44,45,47,48,49,51,52,53,55,56,57,58,60,61,62,63
K0.000,0.999966025352478,-0.0076430002227425575,0.0031010000966489315,0,0.007542999926954508,0.9994869828224182,0.03113199956715107,0,-0.0033370000310242176,-0.03110799938440323,0.9995099902153015,0,-5.6948747634887695,69.16722106933594,4.2618560791015625,1,0.9999840259552002,0.004557000007480383,-0.003352999920025468,0,-0.00469199987128377,0.9991369843482971,-0.04127899929881096,0,0.0031620000954717398,0.041294001042842865,0.9991419911384583,0,0,3.962399959564209,-0.2743000090122223,1,0.9999380111694336,0.009247999638319016,-0.006266999989748001,0,-0.009247000329196453,0.9999570250511169,0.0001849999971454963,0,0.006268000230193138,-0.00012700000661425292,0.9999799728393555,0,0,14.123299598693848,0.26440000534057617,1,0.9999380111694336,0.009247999638319016,-0.006266999989748001,0,-0.009247000329196453,0.9999570250511169,0.0001849999971454963,0,0.006268000230193138,-0.00012700000661425292,0.9999799728393555,0,0,11.404500007629395,0.10610000044107437,1,0.9976630210876465,-0.03614300116896629,-0.057982999831438065,0,0.05048400163650513,0.9617810249328613,0.26912400126457214,0,0.04603999853134155,-0.27142199873924255,0.9613590240478516,0,0,9.946700096130371,0,1,0.9937469959259033,0.06926000118255615,0.0875760018825531,0,-0.0521400012075901,0.9814419746398926,-0.18453699350357056,0,-0.09873200207948685,0.1788170039653778,0.9789159893989563,0,0,8.579099655151367,0.11420000344514847,1,-0.005171000026166439,0.04302800074219704,-0.9990599751472473,0,0.9520879983901978,-0.30529001355171204,-0.01807600073516369,0,-0.3057810068130493,-0.9512869715690613,-0.03938800096511841,0,4.224100112915039,8.89840030670166,-0.05660000070929527,1,0.77155601978302,0.4887470006942749,-0.4072200059890747,0,0.08533699810504913,0.5548189878463745,0.8275830149650574,0,0.6304119825363159,-0.6732770204544067,0.38636600971221924,0,0,8.861000061035156,0,1,0.9014229774475098,0.42918598651885986,0.05688399821519852,0,-0.430090993642807,0.9027760028839111,0.004120999947190285,0,-0.049584999680519104,-0.028179999440908432,0.9983720183372498,0,0,18.975200653076172,0,1,0.990805983543396,-0.05101900175213814,0.1253020018339157,0,0.0672449991106987,0.9893770217895508,-0.1288830041885376,0,-0.11739499866962433,0.13612399995326996,0.9837120175361633,0,0,19.895999908447266,0,1,0.8796290159225464,0.4438000023365021,-0.17115800082683563,0,-0.39722201228141785,0.8833150267601013,0.24893799424171448,0,0.2616649866104126,-0.1509850025177002,0.9532759785652161,0,-2.088900089263916,2.1412999629974365,1.2094000577926636,1,0.9788380265235901,-0.12488800287246704,0.16211099922657013,0,0.10682199895381927,0.9875149726867676,0.11576899886131287,0,-0.17454500496387482,-0.096001997590065,0.9799579977989197,0,-0.329800009727478,2.5601000785827637,0,1,0.9964269995689392,0.08425600081682205,-0.005762999877333641,0,-0.08425299823284149,0.9964439868927002,0.0006510000093840063,0,0.005797999911010265,-0.0001630000042496249,0.999983012676239,0,0.07689999788999557,2.7272000312805176,0,1,0.9939299821853638,-0.02708899974822998,0.10662300139665604,0,-0.00784400012344122,0.9492909908294678,0.314301997423172,0,-0.10972999781370163,-0.3132309913635254,0.9433159828186035,0,-2.5859999656677246,6.942299842834473,0.02969999983906746,1,0.9999930262565613,-0.003522000042721629,-0.0015190000412985682,0,0.00381199992261827,0.8680830001831055,0.4964039921760559,0,-0.0004299999854993075,-0.49640700221061707,0.8680899739265442,0,0.0010000000474974513,2.844899892807007,0,1,1,0.0006179999909363687,0.0000019999999949504854,0,-0.0006179999909363687,1,0,0,-0.0000019999999949504854,0,1,0,-0.0013000000035390258,2.6654999256134033,0,1,0.995343029499054,0.001044000033289194,0.09639400243759155,0,-0.045726001262664795,0.8854029774665833,0.4625700116157532,0,-0.08486399799585342,-0.46482300758361816,0.8813269734382629,0,-0.8149999976158142,6.827199935913086,-0.11010000109672546,1,0.9993360042572021,0.03594199940562248,0.005921000149101019,0,-0.03583899885416031,0.9410849809646606,0.3362640142440796,0,0.006513999775052071,-0.33625298738479614,0.9417489767074585,0,-0.011699999682605267,3.2567999362945557,0,1,0.9999880194664001,0.004821000155061483,-0.00025499999173916876,0,-0.004821000155061483,0.9999880194664001,0,0,0.00025499999173916876,0,1,0,-0.000699999975040555,3.1779000759124756,0,1,0.9898579716682434,0.05355000123381615,0.13158300518989563,0,-0.10460600256919861,0.9014469981193542,0.42006099224090576,0,-0.09612099826335907,-0.4295650124549866,0.8979060053825378,0,0.8988000154495239,6.77869987487793,-0.023000000044703484,1,0.9981099963188171,0.05903000012040138,0.017072999849915504,0,-0.0588809996843338,0.8392519950866699,0.5405460000038147,0,0.017580000683665276,-0.5405300259590149,0.8411409854888916,0,-0.004000000189989805,2.9579999446868896,0,1,1,-0.0002640000020619482,0.000004999999873689376,0,0.0002640000020619482,1,0,0,-0.000004999999873689376,0,1,0,0.0024999999441206455,2.7569000720977783,0,1,0.9923080205917358,0.12019799649715424,0.029606999829411507,0,-0.12312900274991989,0.9336529970169067,0.3363499939441681,0,0.012786000035703182,-0.33740800619125366,0.9412720203399658,0,2.50219988822937,6.3907999992370605,0.08749999850988388,1,0.9939290285110474,0.09948299825191498,0.04698200151324272,0,-0.10046099871397018,0.6465640068054199,0.7562159895896912,0,0.044854000210762024,-0.7563449740409851,0.652633011341095,0,0.0031999999191612005,2.623699903488159,0,1,0.999983012676239,-0.005787999834865332,-0.00014800000644754618,0,0.005787999834865332,0.999983012676239,0,0,0.00014800000644754618,0,1,0,0.0038999998942017555,2.1321001052856445,0,1,0.07984700053930283,-0.07328400015830994,0.9941099882125854,0,-0.9535930156707764,-0.2960749864578247,0.054767001420259476,0,0.29031699895858765,-0.9523490071296692,-0.09352400153875351,0,-4.224100112915039,8.897299766540527,-0.03020000085234642,1,0.7891119718551636,-0.4625200033187866,0.4042010009288788,0,-0.06364300101995468,0.5929340124130249,0.802731990814209,0,-0.6109439730644226,-0.6591699719429016,0.4384549856185913,0,0,8.861000061035156,0,1,0.8798670172691345,-0.4499169886112213,-0.15299999713897705,0,0.4460889995098114,0.8929430246353149,-0.06046599894762039,0,0.16382500529289246,-0.015049000270664692,0.9863749742507935,0,0,18.973600387573242,0,1,0.9800519943237305,0.192221000790596,0.05049699917435646,0,-0.19011299312114716,0.980787992477417,-0.04371599853038788,0,-0.05793000012636185,0.033243998885154724,0.9977669715881348,0,0,19.898300170898438,0,1,0.8615260124206543,-0.47005200386047363,-0.1918960064649582,0,0.4996989965438843,0.8519189953804016,0.15663599967956543,0,0.08985300362110138,-0.23083600401878357,0.9688349962234497,0,2.062000036239624,2.147700071334839,1.2410000562667847,1,0.9821149706840515,0.17983099818229675,-0.05577399954199791,0,-0.17281299829483032,0.9785550236701965,0.1121010035276413,0,0.07473699748516083,-0.10045699775218964,0.9921299815177917,0,0.274399995803833,2.5659000873565674,0,1,0.9982050061225891,-0.059741999953985214,0.004313999786973,0,0.059741001576185226,0.9982140064239502,0.0003800000122282654,0,-0.004329000134021044,-0.00012099999730708078,0.9999909996986389,0,-0.07670000195503235,2.7302000522613525,0,1,0.9760450124740601,-0.09055899828672409,-0.19782699644565582,0,0.1565530002117157,0.9237499833106995,0.34953901171684265,0,0.15108899772167206,-0.37213701009750366,0.915798008441925,0,2.5699000358581543,7.053800106048584,0.05090000107884407,1,0.9999409914016724,0.010657000355422497,0.0018919999711215496,0,-0.010739999823272228,0.9553160071372986,0.2953909933567047,0,0.0013409999664872885,-0.29539400339126587,0.9553750157356262,0,-0.001500000013038516,2.8162999153137207,0,1,1,-0.0003209999995306134,0,0,0.0003209999995306134,1,0,0,0,0,1,0,0.0012000000569969416,2.6396000385284424,0,1,0.9880099892616272,-0.1275089979171753,-0.08704499900341034,0,0.14690600335597992,0.9498429894447327,0.27607300877571106,0,0.047478001564741135,-0.28554999828338623,0.9571869969367981,0,0.765500009059906,7.018199920654297,-0.09040000289678574,1,0.999023973941803,-0.04248100146651268,-0.012128000147640705,0,0.04258599877357483,0.8529829978942871,0.5201990008354187,0,-0.011753000319004059,-0.5202080011367798,0.8539590239524841,0,0.008500000461935997,3.3401999473571777,0,1,0.9999970197677612,0.002357000019401312,-0.00007699999696342275,0,-0.002357000019401312,0.9999970197677612,0,0,0.00007699999696342275,0,1,0,-0.007899999618530273,3.0566999912261963,0,1,0.9668099880218506,-0.04841399937868118,-0.2508679926395416,0,0.13456499576568604,0.9311519861221313,0.33889299631118774,0,0.2171880006790161,-0.3614029884338379,0.9067620038986206,0,-0.892300009727478,6.911099910736084,-0.12160000205039978,1,0.9969120025634766,-0.07299800217151642,-0.028957000002264977,0,0.07458200305700302,0.764585018157959,0.6401939988136292,0,-0.02459299936890602,-0.6403759717941284,0.7676680088043213,0,-0.003000000026077032,2.9238998889923096,0,1,1,-0.000830999983008951,-0.000009999999747378752,0,0.000830999983008951,1,0,0,0.000009999999747378752,0,1,0,0.0026000000070780516,2.7179999351501465,0,1,0.974586009979248,-0.21608799695968628,-0.059057001024484634,0,0.2196889966726303,0.870419979095459,0.4405730068683624,0,-0.04379799962043762,-0.44235101342201233,0.8957719802856445,0,-2.4430999755859375,6.45359992980957,0.12549999356269836,1,0.99412602186203,-0.10332400351762772,-0.032214999198913574,0,0.1035119965672493,0.8207690119743347,0.5618039965629578,0,-0.031606998294591904,-0.5618389844894409,0.8266429901123047,0,-0.0026000000070780516,2.6278998851776123,0,1,0.9999939799308777,0.003406000090762973,0.000058000001445179805,0,-0.003406000090762973,0.9999939799308777,0,0,-0.000058000001445179805,0,1,0,-0.0019000000320374966,2.122499942779541,0,1,-0.9892910122871399,-0.09539700299501419,-0.1104620024561882,0,0.08523499965667725,-0.9919800162315369,0.09333299845457077,0,-0.11847999691963196,0.08291800320148468,0.9894880056381226,0,7.557000160217285,-4.826300144195557,0.3005000054836273,1,0.9997699856758118,-0.02092999964952469,-0.00459699984639883,0,0.019388999789953232,0.9748920202255249,-0.2218340039253235,0,0.00912499986588955,0.2216939926147461,0.9750739932060242,0,-0.12460000067949295,24.065799713134766,0.1046999990940094,1,0.9661200046539307,-0.09989900141954422,0.23797599971294403,0,-0.17722100019454956,0.4135439991950989,0.8930699825286865,0,-0.18762999773025513,-0.9049869775772095,0.38182899355888367,0,-0.006000000052154064,33.0630989074707,0.0038999998942017555,1,0.9998679757118225,0.00009999999747378752,0.016217000782489777,0,-0.008933999575674534,0.8379359841346741,0.5456960201263428,0,-0.013535000383853912,-0.5457689762115479,0.8378260135650635,0,-0.0052999998442828655,12.89330005645752,-0.515500009059906,1,-0.9671909809112549,0.04712599888443947,-0.2496429979801178,0,-0.09270799905061722,-0.980351984500885,0.17411400377750397,0,-0.2365330010652542,0.1915459930896759,0.9525560140609741,0,-7.557000160217285,-4.826300144195557,0.3005000054836273,1,0.9997550249099731,0.022135000675916672,-0.00017499999376013875,0,-0.021369999274611473,0.9630910158157349,-0.268326997756958,0,-0.005770999938249588,0.2682650089263916,0.9633280038833618,0,0.12479999661445618,24.070100784301758,-0.14489999413490295,1,0.998511016368866,0.040775999426841736,-0.03624099865555763,0,0.013255000114440918,0.46307799220085144,0.8862190246582031,0,0.05291900038719177,-0.8853790163993835,0.4618479907512665,0,0.006000000052154064,33.0630989074707,0.0044999998062849045,1,0.9997979998588562,-0.00019700000120792538,-0.02008800022304058,0,0.011187000200152397,0.8360249996185303,0.5485780239105225,0,0.016687000170350075,-0.548691987991333,0.8358579874038696,0,0.005400000140070915,12.718299865722656,-0.5224000215530396,1
K0.033,0.9999619722366333,-0.008417010307312012,0.002325991168618202,0,0.008346009999513626,0.9995409846305847,0.029107974842190742,0,-0.0025699911639094353,-0.029086975380778313,0.9995740056037903,0,-5.689647197723389,69.13518524169922,4.305349349975586,1,0.9999849796295166,0.004426999483257532,-0.003369000507518649,0,-0.004562999587506056,0.9991289973258972,-0.04147200286388397,0,0.003182000480592251,0.04148700460791588,0.9991340041160583,0,0,3.962399959564209,-0.2743000090122223,1,0.9999399781227112,0.009005999192595482,-0.0063060009852051735,0,-0.009006999433040619,0.9999589920043945,-0.0002020049432758242,0,0.006304000969976187,0.00025900494074448943,0.9999799728393555,0,0,14.123299598693848,0.26440000534057617,1,0.9999399781227112,0.009005999192595482,-0.0063060009852051735,0,-0.009006999433040619,0.9999589920043945,-0.0002020049432758242,0,0.006304000969976187,0.00025900494074448943,0.9999799728393555,0,0,11.404500007629395,0.10610000044107437,1,0.9976739883422852,-0.035927001386880875,-0.05793200060725212,0,0.05023600161075592,0.9619439840316772,0.26858800649642944,0,0.04607800021767616,-0.2708730101585388,0.96151202917099,0,0,9.946700096130371,0,1,0.9937270283699036,0.06960000097751617,0.08754099905490875,0,-0.05242900177836418,0.981328010559082,-0.18505999445915222,0,-0.09878700226545334,0.17930899560451508,0.9788200259208679,0,0,8.579099655151367,0.11420000344514847,1,-0.004660995211452246,0.04297899827361107,-0.9990649819374084,0,0.9522979855537415,-0.30466601252555847,-0.017549995332956314,0,-0.30513501167297363,-0.9514889717102051,-0.03950899839401245,0,4.224100112915039,8.89840030670166,-0.05660000070929527,1,0.772005021572113,0.4880419969558716,-0.4072130024433136,0,0.08310998231172562,0.5576519966125488,0.8259029984474182,0,0.6301590204238892,-0.6714450120925903,0.3899500370025635,0,0,8.861000061035156,0,1,0.899366021156311,0.43347907066345215,0.0568929985165596,0,-0.4343920648097992,0.9007139801979065,0.004159000236541033,0,-0.049442000687122345,-0.028454003855586052,0.9983720183372498,0,0,18.975200653076172,0,1,0.9908789992332458,-0.05301905423402786,0.12388510257005692,0,0.06877906620502472,0.9895650148391724,-0.12661297619342804,0,-0.1158791035413742,0.1339789777994156,0.9841859936714172,0,0,19.895999908447266,0,1,0.8793309330940247,0.4442601799964905,-0.1714939922094345,0,-0.39798617362976074,0.8833349347114563,0.247641921043396,0,0.2615039646625519,-0.14950689673423767,0.9535530209541321,0,-2.088900089263916,2.1412999629974365,1.2094000577926636,1,0.978983998298645,-0.1239599883556366,0.16193999350070953,0,0.10597098618745804,0.9876520037651062,0.11538499593734741,0,-0.1742440015077591,-0.09579899162054062,0.9800310134887695,0,-0.329800009727478,2.5601000785827637,0,1,0.9964269995689392,0.08425600081682205,-0.005764000117778778,0,-0.08425299823284149,0.9964439868927002,0.0006510000093840063,0,0.005797999911010265,-0.00016300001880154014,0.999983012676239,0,0.07689999788999557,2.7272000312805176,0,1,0.9939240217208862,-0.027019023895263672,0.10670000314712524,0,-0.007850982248783112,0.9495310187339783,0.3135760724544525,0,-0.10978800803422928,-0.3125080466270447,0.9435489773750305,0,-2.5859999656677246,6.942299842834473,0.02969999983906746,1,0.9999930262565613,-0.0035210000351071358,-0.0015140000032261014,0,0.0038079998921602964,0.8684669733047485,0.49573299288749695,0,-0.00043100002221763134,-0.4957349896430969,0.868474006652832,0,0.0010000000474974513,2.844899892807007,0,1,1,0.0006179999909363687,0.0000029999901016708463,0,-0.0006179999909363687,1,0,0,-0.0000029999901016708463,0,1,0,-0.0013000000035390258,2.6654999256134033,0,1,0.9953489899635315,-0.0004439394688233733,0.09633100032806396,0,-0.04430905729532242,0.8858199715614319,0.4619089961051941,0,-0.08553697913885117,-0.4640290141105652,0.8816800117492676,0,-0.8149999976158142,6.827199935913086,-0.11010000109672546,1,0.9993370175361633,0.035934995859861374,0.0059179989621043205,0,-0.0358319953083992,0.9411129951477051,0.3361879587173462,0,0.0065109990537166595,-0.33617696166038513,0.9417759776115417,0,-0.011699999682605267,3.2567999362945557,0,1,0.9999880194664001,0.004821000155061483,-0.00025499999173916876,0,-0.004821000155061483,0.9999880194664001,0,0,0.00025499999173916876,0,1,0,-0.000699999975040555,3.1779000759124756,0,1,0.9899330139160156,0.05271898955106735,0.13135099411010742,0,-0.10378597676753998,0.9013789892196655,0.4204109311103821,0,-0.09623301029205322,-0.42981094121932983,0.8977760076522827,0,0.8988000154495239,6.77869987487793,-0.023000000044703484,1,0.9981039762496948,0.059112995862960815,0.017127998173236847,0,-0.058963995426893234,0.8387349843978882,0.5413370132446289,0,0.017634999006986618,-0.5413209795951843,0.8406310081481934,0,-0.004000000189989805,2.9579999446868896,0,1,1,-0.0002640000020619482,0.000004999999873689376,0,0.0002640000020619482,1,0,0,-0.000004999999873689376,0,1,0,0.0024999999441206455,2.7569000720977783,0,1,0.9922720193862915,0.12044502794742584,0.02983301505446434,0,-0.1233990341424942,0.932608962059021,0.33913710713386536,0,0.0130250109359622,-0.3401981294155121,0.9402639269828796,0,2.50219988822937,6.3907999992370605,0.08749999850988388,1,0.9939299821853638,0.09948000311851501,0.04697899892926216,0,-0.10045800358057022,0.646589994430542,0.756193995475769,0,0.044849999248981476,-0.756322979927063,0.652658998966217,0,0.0031999999191612005,2.623699903488159,0,1,0.999983012676239,-0.005789000075310469,-0.00014800000644754618,0,0.005789000075310469,0.999983012676239,0,0,0.00014800000644754618,0,1,0,0.0038999998942017555,2.1321001052856445,0,1,0.08022399991750717,-0.07321999967098236,0.9940840005874634,0,-0.9535099864006042,-0.29627498984336853,0.05512700229883194,0,0.29048600792884827,-0.9522920250892639,-0.09358400106430054,0,-4.224100112915039,8.897299766540527,-0.03020000085234642,1,0.7867299914360046,-0.46430203318595886,0.4067920446395874,0,-0.06557601690292358,0.5923979878425598,0.8029720187187195,0,-0.6138050556182861,-0.6583979725837708,0.43560996651649475,0,0,8.861000061035156,0,1,0.8778610229492188,-0.45391103625297546,-0.1527249962091446,0,0.4500490427017212,0.8909180164337158,-0.06100500747561455,0,0.16375599801540375,-0.01518000103533268,0.9863839745521545,0,0,18.973600387573242,0,1,0.9795240163803101,0.19495102763175964,0.05025997757911682,0,-0.19304302334785461,0.9803580045700073,-0.04041396081447601,0,-0.057151973247528076,0.029883962124586105,0.9979180097579956,0,0,19.898300170898438,0,1,0.8607499599456787,-0.4713440239429474,-0.19220903515815735,0,0.5009960532188416,0.8512659668922424,0.1560410112142563,0,0.09007300436496735,-0.2306080311536789,0.9688689708709717,0,2.062000036239624,2.147700071334839,1.2410000562667847,1,0.9824209809303284,0.1781509965658188,-0.055785998702049255,0,-0.17116199433803558,0.9788810014724731,0.11178500205278397,0,0.074522003531456,-0.10027100145816803,0.9921650290489197,0,0.274399995803833,2.5659000873565674,0,1,0.9982050061225891,-0.059741999953985214,0.004313999786973,0,0.059741001576185226,0.9982140064239502,0.0003800000122282654,0,-0.004329000134021044,-0.00012099999730708078,0.9999909996986389,0,-0.07670000195503235,2.7302000522613525,0,1,0.9759299755096436,-0.0920800194144249,-0.19769099354743958,0,0.15770301222801208,0.9240970015525818,0.3481009900569916,0,0.15063299238681793,-0.3708989918231964,0.9163749814033508,0,2.5699000358581543,7.053800106048584,0.05090000107884407,1,0.9999409914016724,0.010673999786376953,0.0018959997687488794,0,-0.01075700018554926,0.955145001411438,0.2959440052509308,0,0.0013479999033734202,-0.29594698548316956,0.9552029967308044,0,-0.001500000013038516,2.8162999153137207,0,1,1,-0.0003209999995306134,-0.0000019999999949504854,0,0.0003209999995306134,1,0,0,0.0000019999999949504854,0,1,0,0.0012000000569969416,2.6396000385284424,0,1,0.987837016582489,-0.12873902916908264,-0.08719900995492935,0,0.14814803004264832,0.9495580196380615,0.276390016078949,0,0.04721899330615997,-0.2859470248222351,0.9570810198783875,0,0.765500009059906,7.018199920654297,-0.09040000289678574,1,0.9990230202674866,-0.04249199852347374,-0.012139999307692051,0,0.04259999841451645,0.8528749942779541,0.5203750133514404,0,-0.01175799872726202,-0.5203840136528015,0.8538519740104675,0,0.008500000461935997,3.3401999473571777,0,1,0.9999970197677612,0.002357000019401312,-0.00007699999696342275,0,-0.002357000019401312,0.9999970197677612,0,0,0.00007699999696342275,0,1,0,-0.007899999618530273,3.0566999912261963,0,1,0.9669910073280334,-0.0467439666390419,-0.25048500299453735,0,0.13259397447109222,0.9317589998245239,0.33799898624420166,0,0.2175920009613037,-0.36005499958992004,0.9072009921073914,0,-0.892300009727478,6.911099910736084,-0.12160000205039978,1,0.9969040155410767,-0.0730770006775856,-0.02902200073003769,0,0.07466199994087219,0.7640150189399719,0.6408640146255493,0,-0.024660000577569008,-0.6410470008850098,0.767104983329773,0,-0.003000000026077032,2.9238998889923096,0,1,1,-0.000830999983008951,-0.000009999999747378752,0,0.000830999983008951,1,0,0,0.000009999999747378752,0,1,0,0.0026000000070780516,2.7179999351501465,0,1,0.9747530221939087,-0.21539300680160522,-0.05884901061654091,0,0.2189290076494217,0.8701220154762268,0.4415390193462372,0,-0.04389900341629982,-0.4432750344276428,0.8953099846839905,0,-2.4430999755859375,6.45359992980957,0.12549999356269836,1,0.9940950274467468,-0.10356499999761581,-0.03237999603152275,0,0.103753000497818,0.8198310136795044,0.5631269812583923,0,-0.031773995608091354,-0.5631620287895203,0.8257359862327576,0,-0.0026000000070780516,2.6278998851776123,0,1,0.9999939799308777,0.003406000090762973,0.00005900000178371556,0,-0.003406000090762973,0.9999939799308777,0,0,-0.00005900000178371556,0,1,0,-0.0019000000320374966,2.122499942779541,0,1,-0.9891660213470459,-0.09609000384807587,-0.11098100244998932,0,0.08547601103782654,-0.9916329979896545,0.09674003720283508,0,-0.11934800446033478,0.08620603382587433,0.9891030192375183,0,7.557000160217285,-4.826300144195557,0.3005000054836273,1,0.999767005443573,-0.021178003400564194,-0.0042169964872300625,0,0.019620001316070557,0.9724670052528381,-0.23221412301063538,0,0.00901899952441454,0.23207712173461914,0.9726560115814209,0,-0.12460000067949295,24.065799713134766,0.1046999990940094,1,0.9662529826164246,-0.10096801817417145,0.236983984708786,0,-0.17686599493026733,0.4088209271430969,0.8953120112419128,0,-0.187281996011734,-0.9070119857788086,0.3771669268608093,0,-0.006000000052154064,33.0630989074707,0.0038999998942017555,1,0.9998570084571838,-0.0005270065157674253,0.016894007101655006,0,-0.008776998147368431,0.8379920125007629,0.5456119775772095,0,-0.014444009400904179,-0.5456820130348206,0.8378679752349854,0,-0.0052999998442828655,12.89330005645752,-0.515500009059906,1,-0.966418981552124,0.04722899943590164,-0.25259503722190857,0,-0.09353900700807571,-0.9801849722862244,0.17460599541664124,0,-0.23934303224086761,0.1923699975013733,0.9516869783401489,0,-7.557000160217285,-4.826300144195557,0.3005000054836273,1,0.9997490048408508,0.022392001003026962,-0.0002730011474341154,0,-0.02160400152206421,0.9612540006637573,-0.2748170495033264,0,-0.00589100131765008,0.27475404739379883,0.9614959955215454,0,0.12479999661445618,24.070100784301758,-0.14489999413490295,1,0.9985929727554321,0.040835000574588776,-0.03383097052574158,0,0.011285976506769657,0.4597099721431732,0.8879969716072083,0,0.05181398615241051,-0.8871300220489502,0.4586019814014435,0,0.006000000052154064,33.0630989074707,0.0044999998062849045,1,0.9997979998588562,-0.00003599804040277377,-0.020093999803066254,0,0.011056997813284397,0.8359860181808472,0.5486389994621277,0,0.01677900180220604,-0.5487509965896606,0.8358179926872253,0,0.005400000140070915,12.718299865722656,-0.5224000215530396,1
